   3.9695195633   -0.6362932601    1.9560296189
   5.3039772172    1.2489520751    0.1373762710
   4.6374555315    2.0012995322    0.1373762710
   3.9695195633   -0.6362932601   -1.6812770770
   2.2171832604   -0.5019990392    2.2391014949
   1.6921832604    0.4073276347    1.9577548429
   2.2171832604   -0.5019990392   -1.9608985051
   2.0903498531   -1.8219937244    2.3318583978
   3.1403498531   -1.8219937244    2.0505117458
   2.6153498531   -2.7313203984    2.0505117458
   3.1403498531   -1.8219937244   -1.5867949501
   2.6153498531   -2.7313203984   -1.5867949501
   2.0903498531   -1.8219937244   -1.8681416022
   0.8509956782   -2.2459344392    2.3066830910
  -0.1990043218   -2.2459344392    2.0253364390
   0.3259956782   -3.1552611132    2.0253364390
   1.3759956782   -3.1552611132    2.0253364390
   0.5921743212   -4.0460765184    1.2566830910
   1.6064915824   -3.9002397130    1.2566830910
   0.1063254155   -4.2094685488    0.2066830910
   1.1041227068   -4.3306230748    0.2066830910
   2.0439316464   -3.9742005576    0.2066830910
   0.5921743212   -4.0460765184   -0.8433169090
   1.6064915824   -3.9002397130   -0.8433169090
   0.3259956782   -3.1552611132   -1.6119702569
   1.3759956782   -3.1552611132   -1.6119702569
   0.8509956782   -2.2459344392   -1.8933169090
   0.1286394774   -1.1164518876    2.1890988919
  -0.3963605226   -0.2071252136    1.9077522399
  -0.3963605226   -2.0257785615    1.9077522399
   1.1786394774   -1.1164518876   -1.7295544560
  -0.3963605226   -0.2071252136   -1.7295544560
  -0.3963605226   -2.0257785615   -1.7295544560
   0.1286394774   -1.1164518876   -2.0109011081
   0.9245939491   -0.0184595507    2.1437493818
   1.4495939491    0.8908671232    1.8624027298
  -0.1254060509   -0.0184595507    1.8624027298
  -0.1254060509   -0.0184595507   -1.7749039661
   1.4495939491   -0.9277862247   -1.7749039661
   0.9245939491   -0.0184595507   -2.0562506182
   0.4157067626    1.3150098567    2.0215646229
   1.4657067626    1.3150098567    1.7402179708
  -0.1092932374    2.2243365307    1.7402179708
   1.4657067626    1.3150098567   -1.8970887251
  -0.1092932374    2.2243365307   -1.8970887251
  -0.1092932374    0.4056831827   -1.8970887251
   0.4157067626    1.3150098567   -2.1784353771
   1.0766664756    2.3178530825    1.8377765993
   2.0566664756    2.3178530825    1.5751863907
   1.5666664756    3.1665579782    1.5751863907
   0.5866664756    3.1665579782    1.5751863907
   2.4498998432    3.3155655250    0.8577765993
   1.6011949475    3.9321857255    0.8577765993
   0.5521380036    3.9321857255    0.8577765993
   3.0366664756    2.3178530825   -0.1222234007
   2.7740762670    3.2978530825   -0.1222234007
   2.0566664756    4.0152628739   -0.1222234007
   1.0766664756    4.2778530825   -0.1222234007
   2.7740762670    2.3178530825   -1.1022234007
   2.4498998432    3.3155655250   -1.1022234007
   1.6011949475    3.9321857255   -1.1022234007
   0.5521380036    3.9321857255   -1.1022234007
   2.0566664756    2.3178530825   -1.8196331921
   1.5666664756    3.1665579782   -1.8196331921
   0.5866664756    3.1665579782   -1.8196331921
   1.0766664756    2.3178530825   -2.0822234007
  -0.9778593426    1.3282743766    1.9563533760
  -0.4528593426    2.2376010506    1.6750067239
  -2.0278593426    1.3282743766    1.6750067239
  -0.4528593426    0.4189477026    1.6750067239
  -0.4528593426    2.2376010506   -1.9622999720
  -0.4528593426    0.4189477026   -1.9622999720
  -0.9778593426    1.3282743766   -2.2436466240
  -0.6099196223    2.6175399783    1.5475071732
  -1.1349196223    3.5268666523    1.5475071732
  -1.9187409794    4.4176820574    0.7788538253
  -2.4045898851    4.5810740879   -0.2711461747
  -3.2317921934    4.0100975606   -0.2711461747
  -1.9187409794    4.4176820574   -1.3211461747
  -0.6099196223    2.6175399783   -2.0897995227
  -1.1349196223    3.5268666523   -2.0897995227
  -1.8150349722    0.2177603958    2.0002351566
  -0.7650349722    0.2177603958    1.7188885045
  -2.3400349722    1.1270870698    1.7188885045
  -0.7650349722    0.2177603958   -1.9184181914
  -2.3400349722    1.1270870698   -1.9184181914
  -2.3400349722   -0.6915662781   -1.9184181914
  -1.8150349722    0.2177603958   -2.1997648434
  -3.0052276023    0.3433281850    1.7952978903
  -3.4952276023    1.1920330807    1.5327076817
  -3.9852276023    0.3433281850    1.5327076817
  -3.4952276023   -0.5053767107    1.5327076817
  -4.3784609700    1.3410406275    0.8152978903
  -4.7026373937    0.3433281850    0.8152978903
  -4.3784609700   -0.6543842575    0.8152978903
  -3.9852276023    2.0407379764   -0.1647021097
  -4.7026373937    1.3233281850   -0.1647021097
  -4.9652276023    0.3433281850   -0.1647021097
  -4.7026373937   -0.6366718150   -0.1647021097
  -4.3784609700    1.3410406275   -1.1447021097
  -4.7026373937    0.3433281850   -1.1447021097
  -4.3784609700   -0.6543842575   -1.1447021097
  -3.4952276023    1.1920330807   -1.8621119012
  -3.9852276023    0.3433281850   -1.8621119012
  -3.4952276023   -0.5053767107   -1.8621119012
  -3.0052276023    0.3433281850   -2.1247021097
  -1.2353204328   -1.0200976579    2.1198951258
  -0.7103204328   -0.1107709840    1.8385484738
  -0.7103204328   -1.9294243319    1.8385484738
  -0.7103204328   -1.9294243319   -1.7987582221
  -1.2353204328   -1.0200976579   -2.0801048742
  -1.0549876331   -2.1898507902    1.8844983948
  -1.5799876331   -3.0991774642    1.8844983948
  -4.1439654497   -2.6924136852    0.0658450468
  -3.6768602043   -3.5824083725    0.0658450468
  -2.8496578959   -4.1533848999    0.0658450468
  -2.3638089902   -3.9899928694   -0.9841549532
  -1.0549876331   -2.1898507902   -1.7528083011
   3.4495705396    0.9636825335    2.6480211313
   4.4370497634    0.9636825335    2.3271696818
   3.7547184014    1.9028310841    2.3271696818
   2.6506830659    1.5441082582    2.3271696818
   2.6506830659    0.3832568088    2.3271696818
   3.7547184014    0.0245339830    2.3271696818
   5.0473454870    0.9636825335    1.4871696818
   4.6735371594    1.9907124727    1.4871696818
   3.7270212475    2.5371836893    1.4871696818
   2.6506830659    2.3473962275    1.4871696818
   1.9481532119    1.5101537500    1.4871696818
   4.6735371594    1.9907124727    0.4488725807
   3.7270212475    2.5371836893    0.4488725807
   5.2661589457   -0.4090487398    1.5849303245
   4.5838275836   -1.3481972903    1.5849303245
   5.8764546692   -0.4090487398    0.7449303245
   5.5026463416    0.6179811995    0.7449303245
   4.5561304298   -1.9825498955    0.7449303245
   5.5026463416   -1.4360786790    0.7449303245
   5.8764546692   -0.4090487398   -0.2933667766
   5.5026463416    0.6179811995   -0.2933667766
   4.5561304298   -1.9825498955   -0.2933667766
   5.5026463416   -1.4360786790   -0.2933667766
   5.2661589457   -0.4090487398   -1.1333667766
   4.5838275836   -1.3481972903   -1.1333667766
   3.8064158399    2.4074601500   -0.2628247142
   5.1267400793    0.8339589942   -1.3011218153
   4.7529317517    1.8609889335   -1.3011218153
   3.8064158399    2.4074601500   -1.3011218153
   2.7300776583    2.2176726882   -1.3011218153
   4.5164443558    0.8339589942   -2.1411218153
   3.8341129937    1.7731075448   -2.1411218153
   2.7300776583    1.4143847190   -2.1411218153
   2.7300776583    0.2535332695   -2.1411218153
   3.8341129937   -0.1051895563   -2.1411218153
   3.5289651319    0.8339589942   -2.4619732647
   3.9291137428   -2.4667287368    1.6781155999
   3.2467823807   -3.4058772874    1.6781155999
   4.5394094663   -2.4667287368    0.8381155999
   2.1427470453   -3.8504424308    0.8381155999
   3.2190852269   -4.0402298926    0.8381155999
   4.1656011388   -3.4937586761    0.8381155999
   4.5394094663   -2.4667287368   -0.2001815012
   3.2190852269   -4.0402298926   -0.2001815012
   4.1656011388   -3.4937586761   -0.2001815012
   3.9291137428   -2.4667287368   -1.0401815012
   3.2467823807   -3.4058772874   -1.0401815012
  -0.6031995217    4.3256023426    1.0648270847
   0.3156192363    4.4134837313    0.2248270847
  -0.6308966755    4.9599549478    0.2248270847
  -1.7072348572    4.7701674860    0.2248270847
   0.3156192363    4.4134837313   -0.8134700164
  -0.6308966755    4.9599549478   -0.8134700164
  -1.7072348572    4.7701674860   -0.8134700164
   0.0791318404    3.3864537921   -1.6534700164
  -0.6031995217    4.3256023426   -1.6534700164
  -3.7453033427    3.1827335754   -0.6609656625
  -3.7453033427    2.0897911424   -0.6609656625
  -1.9664353070    4.2097635147   -1.6992627636
  -3.0427734887    4.0199760529   -1.6992627636
  -3.7453033427    3.1827335754   -1.6992627636
  -3.7453033427    2.0897911424   -1.6992627636
  -1.2564067911    2.6362623589   -2.5392627636
  -1.9387381532    3.5754109095   -2.5392627636
  -3.0427734887    3.2166880837   -2.5392627636
  -3.0427734887    2.0558366342   -2.5392627636
  -1.9387381532    1.6971138084   -2.5392627636
  -2.2438860150    2.6362623589   -2.8601142131
  -2.3236860609    2.7671260556    2.2483050426
  -1.3362068370    2.7671260556    1.9274535931
  -2.0185381991    3.7062746062    1.9274535931
  -3.1225735346    3.3475517803    1.9274535931
  -3.1225735346    2.1867003309    1.9274535931
  -2.0185381991    1.8279775051    1.9274535931
  -2.0462353529    4.3406272114    1.0874535931
  -3.1225735346    4.1508397496    1.0874535931
  -3.8251033886    3.3135972721    1.0874535931
  -3.8251033886    2.2206548391    1.0874535931
  -3.1225735346    4.1508397496    0.0491564920
  -3.8251033886    3.3135972721    0.0491564920
  -3.8251033886    2.2206548391    0.0491564920
  -1.1760093892   -4.0013366017    1.5313254125
  -2.2800447246   -4.4459017451    0.6913254125
  -1.2037065430   -4.6356892069    0.6913254125
  -0.2571906311   -4.0892179904    0.6913254125
  -2.2800447246   -4.4459017451   -0.3469716886
  -1.2037065430   -4.6356892069   -0.3469716886
  -0.2571906311   -4.0892179904   -0.3469716886
  -0.4936780271   -3.0621880511   -1.1869716886
  -1.1760093892   -4.0013366017   -1.1869716886
  -4.1859161381   -1.7113001035   -0.3251576799
  -4.1859161381   -2.8042425365   -0.3251576799
  -4.1859161381   -1.7113001035   -1.3634547810
  -4.1859161381   -2.8042425365   -1.3634547810
  -3.4833862840   -3.6414850140   -1.3634547810
  -2.4070481024   -3.8312724758   -1.3634547810
  -1.6970195865   -2.2577713200   -2.2034547810
  -2.3793509486   -1.3186227695   -2.2034547810
  -3.4833862840   -1.6773455953   -2.2034547810
  -3.4833862840   -2.8381970448   -2.2034547810
  -2.3793509486   -3.1969198706   -2.2034547810
  -2.6844988103   -2.2577713200   -2.5243062305
  -2.7830125807   -2.1142433624    2.5842431634
  -1.7955333569   -2.1142433624    2.2633917140
  -2.4778647190   -1.1750948119    2.2633917140
  -3.5819000544   -1.5338176377    2.2633917140
  -3.5819000544   -2.6946690871    2.2633917140
  -2.4778647190   -3.0533919130    2.2633917140
  -3.5819000544   -0.7305296684    1.4233917140
  -4.2844299084   -1.5677721459    1.4233917140
  -4.2844299084   -2.6607145789    1.4233917140
  -3.5819000544   -3.4979570564    1.4233917140
  -4.2844299084   -1.5677721459    0.3850946129
  -4.2844299084   -2.6607145789    0.3850946129
   3.9651800503   -0.6287770030    2.2997015539
   5.5526308369    1.2882462968    0.6714265124
   5.5526308369    1.2882462968   -0.3966739705
   5.3209151213    0.2730334139   -1.3589992535
   3.9651800503   -0.6287770030   -2.0249490120
   2.2171832604   -0.5019990392    2.5391014949
   1.6965227735    0.3998113776    2.3014267779
   2.2171832604   -0.5019990392   -2.2608985051
   2.0903498531   -1.8219937244    2.6318583978
   3.1316708270   -1.8219937244    2.3941836808
   2.6110103401   -2.7238041413    2.3941836808
   3.9667454111   -1.8219937244   -1.2645171267
   3.1316708270   -1.8219937244   -1.9304668852
   2.6110103401   -2.7238041413   -1.9304668852
   2.0903498531   -1.8219937244   -2.1681416022
   0.8509956782   -2.2459344392    2.6066830910
  -0.1903252956   -2.2459344392    2.3690083740
   0.3303351913   -3.1477448561    2.3690083740
   1.3716561652   -3.1477448561    2.3690083740
  -0.3777820940   -3.6640195834    1.7030586155
   0.5839567479   -4.1032309959    1.7030586155
   1.6304785633   -3.9527638746    1.7030586155
   0.3303351913   -4.5270970807    0.7407333325
   1.3716561652   -4.5270970807    0.7407333325
   0.3303351913   -4.5270970807   -0.3273671505
   1.3716561652   -4.5270970807   -0.3273671505
  -0.3777820940   -3.6640195834   -1.2896924334
   0.5839567479   -4.1032309959   -1.2896924334
   1.6304785633   -3.9527638746   -1.2896924334
   0.3303351913   -3.1477448561   -1.9556421919
   1.3716561652   -3.1477448561   -1.9556421919
   0.8509956782   -2.2459344392   -2.1933169090
   0.1286394774   -1.1164518876    2.4890988919
  -0.3920210095   -0.2146414707    2.2514241749
  -0.3920210095   -2.0182623044    2.2514241749
  -0.3920210095   -2.0182623044   -2.0732263910
   0.1286394774   -1.1164518876   -2.3109011081
   0.9245939491   -0.0184595507    2.4437493818
   1.4452544361    0.8833508661    2.2060746648
  -0.1167270247   -0.0184595507   -2.1185759011
   1.4452544361   -0.9202699676   -2.1185759011
   0.9245939491   -0.0184595507   -2.3562506182
   0.4157067626    1.3150098567    2.3215646229
   1.4570277365    1.3150098567    2.0838899059
  -0.1049537243    2.2168202736    2.0838899059
   1.4570277365    1.3150098567   -2.2407606601
  -0.1049537243    2.2168202736   -2.2407606601
  -0.1049537243    0.4131994398   -2.2407606601
   0.4157067626    1.3150098567   -2.4784353771
   1.0766664756    2.3178530825    2.1177765993
   2.0485660512    2.3178530825    1.8959468634
   1.5626162634    3.1595428049    1.8959468634
   0.5907166878    3.1595428049    1.8959468634
   2.4934999771    3.3472428765    1.2743937555
   1.6178487168    3.9834407569    1.2743937555
   0.5354842344    3.9834407569    1.2743937555
   3.0103594551    3.3327334483    0.3762234914
   2.3172281532    4.1151169529    0.3762234914
   1.3398991214    4.4857689642    0.3762234914
   3.0103594551    3.3327334483   -0.6206702927
   2.3172281532    4.1151169529   -0.6206702927
   1.3398991214    4.4857689642   -0.6206702927
   2.4934999771    3.3472428765   -1.5188405568
   1.6178487168    3.9834407569   -1.5188405568
   0.5354842344    3.9834407569   -1.5188405568
   2.0485660512    2.3178530825   -2.1403936648
   1.5626162634    3.1595428049   -2.1403936648
   0.5907166878    3.1595428049   -2.1403936648
   1.0766664756    2.3178530825   -2.3622234007
  -0.9778593426    1.3282743766    2.2563533760
  -0.4571988557    2.2300847935    2.0186786590
  -2.0191803165    1.3282743766    2.0186786590
  -0.4571988557    0.4264639597    2.0186786590
  -0.4571988557    0.4264639597   -2.3059719070
  -0.9778593426    1.3282743766   -2.5436466240
  -0.6185986484    2.6175399783    1.8911791082
  -1.1392591353    3.5193503952    1.8911791082
  -2.1805801092    4.8987026198    0.2629040668
  -2.1805801092    4.8987026198   -0.8051964162
  -3.1187778882    4.4468903820   -0.8051964162
  -1.9269585526    4.4748365350   -1.7675216992
  -0.6185986484    2.6175399783   -2.4334714577
  -1.8150349722    0.2177603958    2.3002351566
  -0.7737139983    0.2177603958    2.0625604395
  -2.3356954591    1.1195708127    2.0625604395
  -0.7737139983    0.2177603958   -2.2620901264
  -2.3356954591   -0.6840500210   -2.2620901264
  -1.8150349722    0.2177603958   -2.4997648434
  -3.0052276023    0.3433281850    2.0752978903
  -3.4911773901    1.1850179074    1.8534681544
  -3.9771271779    0.3433281850    1.8534681544
  -3.4911773901   -0.4983615375    1.8534681544
  -4.4220611039    1.3727179789    1.2319150464
  -4.7565301230    0.3433281850    1.2319150464
  -4.4220611039   -0.6860616090    1.2319150464
  -4.6398542093    1.7914809917    0.3337447823
  -5.1256077471    0.8659549519    0.3337447823
  -5.1256077471   -0.1792985819    0.3337447823
  -4.6398542093   -1.1048246218    0.3337447823
  -4.6398542093    1.7914809917   -0.6631490018
  -5.1256077471    0.8659549519   -0.6631490018
  -5.1256077471   -0.1792985819   -0.6631490018
  -4.6398542093   -1.1048246218   -0.6631490018
  -4.4220611039    1.3727179789   -1.5613192659
  -4.7565301230    0.3433281850   -1.5613192659
  -4.4220611039   -0.6860616090   -1.5613192659
  -3.4911773901    1.1850179074   -2.1828723738
  -3.9771271779    0.3433281850   -2.1828723738
  -3.4911773901   -0.4983615375   -2.1828723738
  -3.0052276023    0.3433281850   -2.4047021097
  -1.2353204328   -1.0200976579    2.4198951258
  -0.7146599458   -0.1182872411    2.1822204088
  -0.7146599458   -1.9219080748   -2.1424301571
  -1.2353204328   -1.0200976579   -2.3801048742
  -1.0636666592   -2.1898507902    2.2281703298
  -1.5843271462   -3.0916612071    2.2281703298
  -2.3720265635   -4.0471473469    1.5622205713
  -3.5638458990   -4.0192011939    0.5998952883
  -3.5638458990   -4.0192011939   -0.4682051947
  -2.6256481200   -4.4710134317   -0.4682051947
  -1.0636666592   -2.1898507902   -2.0964802361
   3.4495705396    0.9636825335    2.8880211313
   4.4095705396    0.9636825335    2.6307899065
   3.9295705396    1.7950669211    2.6307899065
   2.9695705396    1.7950669211    2.6307899065
   2.4895705396    0.9636825335    2.6307899065
   2.9695705396    0.1322981459    2.6307899065
   3.9295705396    0.1322981459    2.6307899065
   5.1123393149    0.9636825335    1.9280211313
   4.7947787365    1.9410334976    1.9280211313
   3.9633943489    2.5450696123    1.9280211313
   2.9357467303    2.5450696123    1.9280211313
   2.1043623427    1.9410334976    1.9280211313
   5.1123393149    1.9236825335    0.9680211313
   4.4095705396    2.6264513088    0.9680211313
   3.4495705396    2.8836825335    0.9680211313
   5.2386797218   -0.4090487398    1.8885505492
   4.7586797218   -1.2404331274    1.8885505492
   5.9414484971   -0.4090487398    1.1857817740
   5.6238879187    0.5683022243    1.1857817740
   4.7925035311   -1.9904358186    1.1857817740
   5.6238879187   -1.3863997039    1.1857817740
   6.1986797218   -0.4090487398    0.2257817740
   5.9414484971    0.5509512602    0.2257817740
   5.2386797218   -2.0718175150    0.2257817740
   5.9414484971   -1.3690487398    0.2257817740
   5.9414484971   -0.4090487398   -0.7342182260
   4.7925035311   -1.9904358186   -0.7342182260
   5.6238879187   -1.3863997039   -0.7342182260
   5.2386797218   -0.4090487398   -1.4369870013
   4.7586797218   -1.2404331274   -1.4369870013
   5.1917339072    1.7939589942   -0.7819732647
   4.4889651319    2.4967277695   -0.7819732647
   3.5289651319    2.7539589942   -0.7819732647
   5.1917339072    0.8339589942   -1.7419732647
   4.8741733289    1.8113099583   -1.7419732647
   4.0427889412    2.4153460730   -1.7419732647
   3.0151413227    2.4153460730   -1.7419732647
   4.4889651319    0.8339589942   -2.4447420400
   4.0089651319    1.6653433819   -2.4447420400
   3.0489651319    1.6653433819   -2.4447420400
   2.5689651319    0.8339589942   -2.4447420400
   3.0489651319    0.0025746066   -2.4447420400
   4.0089651319    0.0025746066   -2.4447420400
   3.5289651319    0.8339589942   -2.7019732647
   3.9016345190   -2.4667287368    1.9817358246
   3.4216345190   -3.2981131245    1.9817358246
   4.6044032942   -2.4667287368    1.2789670494
   2.4278107097   -4.0481158157    1.2789670494
   3.4554583282   -4.0481158157    1.2789670494
   4.2868427159   -3.4440797009    1.2789670494
   4.8616345190   -2.4667287368    0.3189670494
   2.9416345190   -4.3867287368    0.3189670494
   3.9016345190   -4.1294975121    0.3189670494
   4.6044032942   -3.4267287368    0.3189670494
   4.6044032942   -2.4667287368   -0.6410329506
   2.4278107097   -4.0481158157   -0.6410329506
   3.4554583282   -4.0481158157   -0.6410329506
   4.2868427159   -3.4440797009   -0.6410329506
   3.9016345190   -2.4667287368   -1.3438017259
   3.4216345190   -3.2981131245   -1.3438017259
  -0.4283473835    4.2178381797    1.3684473094
   0.4368608134    4.3638047561    0.6656785341
  -0.3945235742    4.9678408709    0.6656785341
  -1.4221711928    4.9678408709    0.6656785341
   0.0516526165    5.0492225673   -0.2943214659
  -0.9083473835    5.3064537921   -0.2943214659
  -1.8683473835    5.0492225673   -0.2943214659
   0.4368608134    4.3638047561   -1.2543214659
  -0.3945235742    4.9678408709   -1.2543214659
  -1.4221711928    4.9678408709   -1.2543214659
   0.0516526165    3.3864537921   -1.9570902412
  -0.4283473835    4.2178381797   -1.9570902412
  -3.2038860150    4.2990311342   -1.1801142131
  -3.9066547902    3.5962623589   -1.1801142131
  -4.1638860150    2.6362623589   -1.1801142131
  -1.7300622057    4.2176494377   -2.1401142131
  -2.7577098242    4.2176494377   -2.1401142131
  -3.5890942119    3.6136133230   -2.1401142131
  -3.9066547902    2.6362623589   -2.1401142131
  -3.5890942119    1.6589113949   -2.1401142131
  -1.2838860150    2.6362623589   -2.8428829884
  -1.7638860150    3.4676467466   -2.8428829884
  -2.7238860150    3.4676467466   -2.8428829884
  -3.2038860150    2.6362623589   -2.8428829884
  -2.7238860150    1.8048779713   -2.8428829884
  -1.7638860150    1.8048779713   -2.8428829884
  -2.2438860150    2.6362623589   -3.1001142131
  -2.3236860609    2.7671260556    2.4883050426
  -1.3636860609    2.7671260556    2.2310738178
  -1.8436860609    3.5985104432    2.2310738178
  -2.8036860609    3.5985104432    2.2310738178
  -3.2836860609    2.7671260556    2.2310738178
  -2.8036860609    1.9357416680    2.2310738178
  -1.8436860609    1.9357416680    2.2310738178
  -1.8098622516    4.3485131344    1.5283050426
  -2.8375098702    4.3485131344    1.5283050426
  -3.6688942578    3.7444770197    1.5283050426
  -3.9864548361    2.7671260556    1.5283050426
  -3.6688942578    1.7897750915    1.5283050426
  -3.2836860609    4.4298948309    0.5683050426
  -3.9864548361    3.7271260556    0.5683050426
  -4.2436860609    2.7671260556    0.5683050426
  -1.9611572509   -3.8935724388    1.8349456372
  -1.0011572509   -3.8935724388    1.8349456372
  -1.9949810602   -4.6435751299    1.1321768620
  -0.9673334416   -4.6435751299    1.1321768620
  -2.4411572509   -4.7249568264    0.1721768620
  -1.4811572509   -4.9821880511    0.1721768620
  -0.5211572509   -4.7249568264    0.1721768620
  -1.9949810602   -4.6435751299   -0.7878231380
  -0.9673334416   -4.6435751299   -0.7878231380
  -1.0011572509   -3.8935724388   -1.4905919133
  -4.6044988103   -2.2577713200   -0.8443062305
  -4.3472675856   -3.2177713200   -0.8443062305
  -3.6444988103   -3.9205400953   -0.8443062305
  -4.0297070073   -1.2804203560   -1.8043062305
  -4.3472675856   -2.2577713200   -1.8043062305
  -4.0297070073   -3.2351222841   -1.8043062305
  -3.1983226196   -3.8391583988   -1.8043062305
  -2.1706750011   -3.8391583988   -1.8043062305
  -1.7244988103   -2.2577713200   -2.5070750057
  -2.2044988103   -1.4263869324   -2.5070750057
  -3.1644988103   -1.4263869324   -2.5070750057
  -3.6444988103   -2.2577713200   -2.5070750057
  -3.1644988103   -3.0891557077   -2.5070750057
  -2.2044988103   -3.0891557077   -2.5070750057
  -2.6844988103   -2.2577713200   -2.7643062305
  -2.7830125807   -2.1142433624    2.8242431634
  -1.8230125807   -2.1142433624    2.5670119387
  -2.3030125807   -1.2828589748    2.5670119387
  -3.2630125807   -1.2828589748    2.5670119387
  -3.7430125807   -2.1142433624    2.5670119387
  -3.2630125807   -2.9456277500    2.5670119387
  -2.3030125807   -2.9456277500    2.5670119387
  -4.1282207776   -1.1368923983    1.8642431634
  -4.4457813560   -2.1142433624    1.8642431634
  -4.1282207776   -3.0915943265    1.8642431634
  -3.2968363900   -3.6956304412    1.8642431634
  -4.4457813560   -1.1542433624    0.9042431634
  -4.7030125807   -2.1142433624    0.9042431634
  -4.4457813560   -3.0742433624    0.9042431634
  -3.7430125807   -3.7770121377    0.9042431634
   3.9611421970   -0.6217832360    2.6318510087
   5.3537078726    0.2730334139    2.0465645802
   5.6919636439    1.3553454402    1.1706215383
   5.9389943011    1.3062786812    0.1373762710
   5.3537078726    2.1822217231    0.1373762710
   4.4777648307    2.7675081516    0.1373762710
   5.6919636439    1.3553454402   -0.8958689964
   4.2376250496   -1.4636253574   -1.7718120383
   5.0506309733   -0.7591517143   -1.7718120383
   3.9611421970   -0.6217832360   -2.3570984668
   2.2171832604   -0.5019990392    2.8391014949
   1.7005606267    0.3928176107    2.6335762327
   2.2171832604   -0.5019990392   -2.5608985051
   2.0903498531   -1.8219937244    2.9318583978
   3.1235951205   -1.8219937244    2.7263331356
   2.6069724868   -2.7168103743    2.7263331356
   3.9995381624   -1.8219937244    2.1410467070
   3.9995381624   -1.8219937244   -1.6773299114
   2.8834553394   -3.5586524956   -1.6773299114
   3.6964612631   -2.8541788525   -1.6773299114
   3.1235951205   -1.8219937244   -2.2626163400
   2.6069724868   -2.7168103743   -2.2626163400
   2.0903498531   -1.8219937244   -2.4681416022
   0.8509956782   -2.2459344392    2.9066830910
  -0.1822495891   -2.2459344392    2.7011578288
   0.3343730446   -3.1407510891    2.7011578288
   1.3676183119   -3.1407510891    2.7011578288
  -0.3992567792   -3.6888026912    2.1158714002
   0.5792898528   -4.1356899642    2.1158714002
   1.6441011645   -3.9825932104    2.1158714002
   0.2959228299   -4.6778674873    1.2399283584
   1.4060685266   -4.6778674873    1.2399283584
   0.8509956782   -4.9459344392    0.2066830910
   1.8842409456   -4.7404091770    0.2066830910
   0.2959228299   -4.6778674873   -0.8265621764
   1.4060685266   -4.6778674873   -0.8265621764
  -0.3992567792   -3.6888026912   -1.7025052182
   0.5792898528   -4.1356899642   -1.7025052182
   1.6441011645   -3.9825932104   -1.7025052182
   0.3343730446   -3.1407510891   -2.2877916468
   1.3676183119   -3.1407510891   -2.2877916468
   0.8509956782   -2.2459344392   -2.4933169090
   0.1286394774   -1.1164518876    2.7890988919
  -0.3879831562   -0.2216352377    2.5835736297
  -0.3879831562   -2.0112685374   -2.4053758458
   0.1286394774   -1.1164518876   -2.6109011081
   0.9245939491   -0.0184595507    2.7437493818
   1.4412165828    0.8763570992    2.5382241196
  -0.1086513183   -0.0184595507   -2.4507253560
   1.4412165828   -0.9132762006   -2.4507253560
   0.9245939491   -0.0184595507   -2.6562506182
   0.4157067626    1.3150098567    2.6215646229
   1.4489520300    1.3150098567    2.4160393607
   0.9323293963    2.2098265066    2.4160393607
  -0.1009158711    2.2098265066    2.4160393607
   1.4489520300    1.3150098567   -2.5729101149
  -0.1009158711    2.2098265066   -2.5729101149
  -0.1009158711    0.4201932068   -2.5729101149
   0.4157067626    1.3150098567   -2.7784353771
   1.0766664756    2.3178530825    2.3977765993
   2.1700534981    2.3178530825    2.1482181464
   1.6233599869    3.2647540202    2.1482181464
   0.5299729643    3.2647540202    2.1482181464
   2.7341170873    3.3830319122    1.4489709000
   1.8951235049    4.1100239897    1.4489709000
   0.7962755987    4.2680144670    1.4489709000
   3.2901833128    3.3838266097    0.4385293529
   2.6084676548    4.2386710064    0.4385293529
   1.6233599869    4.7130738561    0.4385293529
   3.2901833128    3.3838266097   -0.6829761543
   2.6084676548    4.2386710064   -0.6829761543
   1.6233599869    4.7130738561   -0.6829761543
   2.7341170873    3.3830319122   -1.6934177014
   1.8951235049    4.1100239897   -1.6934177014
   0.7962755987    4.2680144670   -1.6934177014
   2.1700534981    2.3178530825   -2.3926649478
   1.6233599869    3.2647540202   -2.3926649478
   0.5299729643    3.2647540202   -2.3926649478
   1.0766664756    2.3178530825   -2.6422234007
  -0.9778593426    1.3282743766    2.5563533760
  -0.4612367089    2.2230910265    2.3508281138
  -0.4612367089    0.4334577267    2.3508281138
  -0.4612367089    0.4334577267   -2.6381213618
  -0.9778593426    1.3282743766   -2.8436466240
  -0.6266743549    2.6175399783    2.2233285631
  -1.1432969886    3.5123566282    2.2233285631
  -0.8668141360    4.3541987495    1.6380421345
  -2.2149924707    5.0494730264    0.7620990927
  -2.6931648897    5.1120147161   -0.2711461747
  -3.5691079315    4.5267282875   -0.2711461747
  -4.1543943601    3.6507852457   -0.2711461747
  -4.3599196223    2.6175399783   -0.2711461747
  -2.2149924707    5.0494730264   -1.3043914421
  -3.2151991823    4.5677988605   -1.3043914421
  -0.6266743549    2.6175399783   -2.7656209125
  -1.8150349722    0.2177603958    2.6002351566
  -0.7817897048    0.2177603958    2.3947098943
  -2.3316576059    1.1125770457    2.3947098943
  -2.8482802396    0.2177603958    2.3947098943
  -2.3316576059   -0.6770562541   -2.5942395812
  -1.8150349722    0.2177603958   -2.7997648434
  -3.0052276023    0.3433281850    2.3552978903
  -3.5519211136    1.2902291227    2.1057394374
  -4.0986146249    0.3433281850    2.1057394374
  -4.2954442632    1.8323175864    1.4064921909
  -4.8956353735    0.8984019891    1.4064921909
  -4.8956353735   -0.2117456191    1.4064921909
  -4.5370287815    2.2641461089    0.3960506438
  -5.2187444396    1.4093017121    0.3960506438
  -5.4620459410    0.3433281850    0.3960506438
  -5.2187444396   -0.7226453422    0.3960506438
  -4.5370287815    2.2641461089   -0.7254548633
  -5.2187444396    1.4093017121   -0.7254548633
  -5.4620459410    0.3433281850   -0.7254548633
  -5.2187444396   -0.7226453422   -0.7254548633
  -4.2954442632    1.8323175864   -1.7358964104
  -4.8956353735    0.8984019891   -1.7358964104
  -4.8956353735   -0.2117456191   -1.7358964104
  -3.5519211136    1.2902291227   -2.4351436569
  -4.0986146249    0.3433281850   -2.4351436569
  -3.5519211136   -0.6035727528   -2.4351436569
  -3.0052276023    0.3433281850   -2.6847021097
  -1.2353204328   -1.0200976579    2.7198951258
  -0.7186977991   -0.1252810080    2.5143698636
  -0.7186977991   -1.9149143078   -2.4745796119
  -1.2353204328   -1.0200976579   -2.6801048742
  -1.0717423657   -2.1898507902    2.5603197846
  -1.5883649994   -3.0846674401    2.5603197846
  -2.3766934586   -4.0796063153    1.9750333560
  -3.6602671931   -4.1401096724    1.0990903142
  -2.6600604815   -4.6217838383    1.0990903142
  -4.8049876331   -2.1898507902    0.0658450468
  -4.5994623709   -3.2230960576    0.0658450468
  -4.0141759423   -4.0990390994    0.0658450468
  -3.1382329005   -4.6843255280    0.0658450468
  -2.6600604815   -4.6217838383   -0.9674002205
  -1.3118821468   -3.9265095614   -1.8433432624
  -1.0717423657   -2.1898507902   -2.4286296909
   3.4495705396    0.9636825335    3.1280211313
   4.5295705396    0.9636825335    2.8386360034
   3.9895705396    1.8989899696    2.8386360034
   2.9095705396    1.8989899696    2.8386360034
   2.3695705396    0.9636825335    2.8386360034
   2.9095705396    0.0283750974    2.8386360034
   3.9895705396    0.0283750974    2.8386360034
   5.3201854118    0.9636825335    2.0480211313
   5.0232319094    1.9750132871    2.0480211313
   4.2266520410    2.6652536722    2.0480211313
   3.1833542866    2.8152572435    2.0480211313
   4.6765903925    2.7413276838    0.9680211313
   3.7099297689    3.1079337016    0.9680211313
   5.3586797218   -0.4090487398    2.0963966461
   4.8186797218   -1.3443561759    2.0963966461
   6.1492945940   -0.4090487398    1.3057817740
   5.0557612233   -2.1106198785    1.3057817740
   5.8523410916   -1.4203794934    1.3057817740
   6.4386797218   -0.4090487398    0.2257817740
   6.1912647372    0.5947533118    0.2257817740
   5.5056995748   -2.1866938901    0.2257817740
   6.1912647372   -1.4128507914    0.2257817740
   6.1492945940   -0.4090487398   -0.8542182260
   5.0557612233   -2.1106198785   -0.8542182260
   5.8523410916   -1.4203794934   -0.8542182260
   5.3586797218   -0.4090487398   -1.6448330982
   4.8186797218   -1.3443561759   -1.6448330982
   4.7559849849    2.6116041446   -0.7819732647
   3.7893243613    2.9782101623   -0.7819732647
   5.3995800041    0.8339589942   -1.8619732647
   5.1026265017    1.8452897479   -1.8619732647
   4.3060466334    2.5355301330   -1.8619732647
   3.2627488789    2.6855337042   -1.8619732647
   4.6089651319    0.8339589942   -2.6525881369
   4.0689651319    1.7692664303   -2.6525881369
   2.9889651319    1.7692664303   -2.6525881369
   2.4489651319    0.8339589942   -2.6525881369
   2.9889651319   -0.1013484418   -2.6525881369
   4.0689651319   -0.1013484418   -2.6525881369
   3.5289651319    0.8339589942   -2.9419732647
   4.0216345190   -2.4667287368    2.1895819215
   3.4816345190   -3.4020361729    2.1895819215
   4.8122493911   -2.4667287368    1.3989670494
   2.6754182660   -4.3183034468    1.3989670494
   3.7187160204   -4.1682998756    1.3989670494
   4.5152958888   -3.4780594905    1.3989670494
   5.1016345190   -2.4667287368    0.3189670494
   3.2019937483   -4.6109799049    0.3189670494
   4.1686543719   -4.2443738872    0.3189670494
   4.8542195344   -3.4705307885    0.3189670494
   4.8122493911   -2.4667287368   -0.7610329506
   2.6754182660   -4.3183034468   -0.7610329506
   3.7187160204   -4.1682998756   -0.7610329506
   4.5152958888   -3.4780594905   -0.7610329506
   4.0216345190   -2.4667287368   -1.5516478228
   3.4816345190   -3.4020361729   -1.5516478228
  -0.3683473835    4.3217612281    1.5762934063
  -0.1312658820    5.0880249308    0.7856785341
  -1.1745636365    5.2380285020    0.7856785341
   0.3186724695    5.1640989424   -0.2943214659
  -0.6479881541    5.5307049601   -0.2943214659
  -1.6742939395    5.4060888763   -0.2943214659
  -0.1312658820    5.0880249308   -1.3743214659
  -1.1745636365    5.2380285020   -1.3743214659
  -0.3683473835    4.3217612281   -2.1649363381
  -3.8606692310    4.0686073007   -1.1801142131
  -4.3411203406    3.1531841938   -1.1801142131
  -2.5101022680    4.4878370689   -2.2601142131
  -3.4688782431    4.0499787524   -2.2601142131
  -4.0387278412    3.1632754697   -2.2601142131
  -4.0387278412    2.1092492481   -2.2601142131
  -1.1638860150    2.6362623589   -3.0507290853
  -1.7038860150    3.5715697950   -3.0507290853
  -2.7838860150    3.5715697950   -3.0507290853
  -3.3238860150    2.6362623589   -3.0507290853
  -2.7838860150    1.7009549228   -3.0507290853
  -1.7038860150    1.7009549228   -3.0507290853
  -2.2438860150    2.6362623589   -3.3401142131
  -2.3236860609    2.7671260556    2.7283050426
  -1.2436860609    2.7671260556    2.4389199147
  -1.7836860609    3.7024334917    2.4389199147
  -2.8636860609    3.7024334917    2.4389199147
  -3.4036860609    2.7671260556    2.4389199147
  -2.8636860609    1.8318186195    2.4389199147
  -1.7836860609    1.8318186195    2.4389199147
  -2.5899023139    4.6187007656    1.6483050426
  -3.5486782890    4.1808424490    1.6483050426
  -4.1185278871    3.2941391664    1.6483050426
  -4.1185278871    2.2401129448    1.6483050426
  -3.0896326169    4.7867611398    0.5683050426
  -3.9404692769    4.1994709974    0.5683050426
  -4.4209203865    3.2840478905    0.5683050426
  -0.9411572509   -3.9974954872    2.0427917342
  -1.7473735039   -4.9137627611    1.2521768620
  -0.7040757495   -4.7637591899    1.2521768620
  -2.2471038069   -5.0818231353    0.1721768620
  -1.2207980216   -5.2064392192    0.1721768620
  -0.2541373980   -4.8398332015    0.1721768620
  -1.7473735039   -4.9137627611   -0.9078231380
  -0.7040757495   -4.7637591899   -0.9078231380
  -0.9411572509   -3.9974954872   -1.6984380102
  -4.7817331360   -1.7408494852   -0.8443062305
  -4.7817331360   -2.7746931549   -0.8443062305
  -4.3012820264   -3.6901162618   -0.8443062305
  -4.4793406365   -1.7307582092   -1.9243062305
  -4.4793406365   -2.7847844308   -1.9243062305
  -3.9094910385   -3.6714877135   -1.9243062305
  -2.9507150633   -4.1093460300   -1.9243062305
  -1.6044988103   -2.2577713200   -2.7149211026
  -2.1444988103   -1.3224638840   -2.7149211026
  -3.2244988103   -1.3224638840   -2.7149211026
  -3.7644988103   -2.2577713200   -2.7149211026
  -3.2244988103   -3.1930787561   -2.7149211026
  -2.1444988103   -3.1930787561   -2.7149211026
  -2.6844988103   -2.2577713200   -3.0043062305
  -2.7830125807   -2.1142433624    3.0642431634
  -1.7030125807   -2.1142433624    2.7748580356
  -2.2430125807   -1.1789359263    2.7748580356
  -3.3230125807   -1.1789359263    2.7748580356
  -3.8630125807   -2.1142433624    2.7748580356
  -3.3230125807   -3.0495507985    2.7748580356
  -2.2430125807   -3.0495507985    2.7748580356
  -4.0080048088   -0.7005269690    1.9842431634
  -4.5778544069   -1.5872302516    1.9842431634
  -4.5778544069   -2.6412564732    1.9842431634
  -4.0080048088   -3.5279597558    1.9842431634
  -3.0492288337   -3.9658180724    1.9842431634
  -4.8802469064   -1.5973215275    0.9042431634
  -4.8802469064   -2.6311651973    0.9042431634
  -4.3997957968   -3.5465883042    0.9042431634
   3.9575497783   -0.6155609843    2.9564541333
   5.3728823924    0.2730334139    2.4355096003
   4.2455904331   -1.4810671141    2.4355096003
   5.8179802848    1.3297662105    1.6373762710
   6.1994372063    1.3402941946    0.6583208040
   5.6278646970    2.2634154930    0.6583208040
   6.1994372063    1.3402941946   -0.3835682621
   5.6278646970    2.2634154930   -0.3835682621
   4.7614193291    2.9177246625   -0.3835682621
   3.7171193506    3.2148536241   -0.3835682621
   6.0425957747    0.2730334139   -1.3626237290
   5.8179802848    1.3297662105   -1.3626237290
   4.2455904331   -1.4810671141   -2.1607570584
   5.0667616059   -0.7695182424   -2.1607570584
   3.9575497783   -0.6155609843   -2.6817015914
   2.2171832604   -0.5019990392    3.1391014949
   1.7041530454    0.3865953589    2.9581793573
   2.7302134754   -1.3905934374   -2.6799763674
   2.2171832604   -0.5019990392   -2.8608985051
   2.0903498531   -1.8219937244    3.2318583978
   3.1164102831   -1.8219937244    3.0509362602
   1.5773196382   -0.9333993262    3.0509362602
   2.6033800681   -2.7105881226    3.0509362602
   4.0187126822   -1.8219937244    2.5299917272
   2.8914207229   -3.5760942524    2.5299917272
   2.8931995551   -4.2929110350   -1.2681416022
   4.0187126822   -1.8219937244   -2.0662749316
   2.8914207229   -3.5760942524   -2.0662749316
   3.7125918957   -2.8645453806   -2.0662749316
   3.1164102831   -1.8219937244   -2.5872194646
   2.6033800681   -2.7105881226   -2.5872194646
   2.0903498531   -1.8219937244   -2.7681416022
   0.8509956782   -2.2459344392    3.2066830910
  -0.1750647517   -2.2459344392    3.0257609534
   0.3379654633   -3.1345288374    3.0257609534
   1.3640258932   -3.1345288374    3.0257609534
  -0.4118134193   -3.7032938265    2.5048164204
   0.5765610341   -4.1546693151    2.5048164204
   1.6520665480   -4.0000349672    2.5048164204
   0.5794227644   -4.8297781172    1.7066830910
   1.6538453802   -4.7168517498    1.7066830910
   0.0424793752   -5.0875744905    0.7276276240
   1.1235954655   -5.1877546495    0.7276276240
   2.1678954440   -4.8906256878    0.7276276240
   0.0424793752   -5.0875744905   -0.3142614420
   1.1235954655   -5.1877546495   -0.3142614420
   2.1678954440   -4.8906256878   -0.3142614420
   0.5794227644   -4.8297781172   -1.2933169090
   1.6538453802   -4.7168517498   -1.2933169090
  -0.4118134193   -3.7032938265   -2.0914502383
   0.5765610341   -4.1546693151   -2.0914502383
   1.6520665480   -4.0000349672   -2.0914502383
   0.3379654633   -3.1345288374   -2.6123947713
   1.3640258932   -3.1345288374   -2.6123947713
   0.8509956782   -2.2459344392   -2.7933169090
   0.1286394774   -1.1164518876    3.0890988919
  -0.3843907375   -0.2278574894    2.9081767543
  -0.3843907375   -2.0050462857   -2.7299789704
   0.1286394774   -1.1164518876   -2.9109011081
   0.9245939491   -0.0184595507    3.0437493818
   1.4376241641    0.8701348474    2.8628272442
  -0.1014664808   -0.0184595507   -2.7753284805
   1.4376241641   -0.9070539489   -2.7753284805
   0.9245939491   -0.0184595507   -2.9562506182
   0.4157067626    1.3150098567    2.9215646229
   1.4417671926    1.3150098567    2.7406424853
   0.9287369776    2.2036042549    2.7406424853
  -0.0973234524    2.2036042549    2.7406424853
   1.4417671926    1.3150098567   -2.8975132395
  -0.0973234524    2.2036042549   -2.8975132395
  -0.0973234524    0.4264154585   -2.8975132395
   0.4157067626    1.3150098567   -3.0784353771
   1.0766664756    2.3178530825    2.6777765993
   2.1481800862    2.3178530825    2.4646392903
   1.6124232809    3.2458110898    2.4646392903
   0.5409096703    3.2458110898    2.4646392903
   2.7913092955    3.3078025762    1.8576755866
   2.0666159692    4.0324959025    1.8576755866
   1.0766664756    4.2977520698    1.8576755866
   0.0867169819    4.0324959025    1.8576755866
   3.4398831365    3.3700249296    0.9492902099
   2.8076154766    4.2402667056    0.9492902099
   1.8760510092    4.7781057016    0.9492902099
   0.8062656938    4.8905446691    0.9492902099
   3.6875887179    3.3293297478   -0.1222234007
   3.1458914438    4.2042008847   -0.1222234007
   2.3247338717    4.8243102983   -0.1222234007
   1.3350178821    5.1059087762   -0.1222234007
   3.4398831365    3.3700249296   -1.1937370113
   2.8076154766    4.2402667056   -1.1937370113
   1.8760510092    4.7781057016   -1.1937370113
   0.8062656938    4.8905446691   -1.1937370113
   2.7913092955    3.3078025762   -2.1021223880
   2.0666159692    4.0324959025   -2.1021223880
   1.0766664756    4.2977520698   -2.1021223880
   2.1481800862    2.3178530825   -2.7090860917
   1.6124232809    3.2458110898   -2.7090860917
   0.5409096703    3.2458110898   -2.7090860917
   1.0766664756    2.3178530825   -2.9222234007
  -0.9778593426    1.3282743766    2.8563533760
  -0.4648291276    2.2168687748    2.6754312383
  -0.4648291276    0.4396799784    2.6754312383
  -0.4648291276    0.4396799784   -2.9627244864
  -0.9778593426    1.3282743766   -3.1436466240
  -0.6338591923    2.6175399783    2.5479316876
  -1.1468894073    3.5061343765    2.5479316876
  -0.8588487526    4.3716405063    2.0269871546
  -1.9314925361    5.2013836563    1.2288538253
  -2.4684359253    5.4591800296    0.2497983583
  -3.4403574087    4.9752206357    0.2497983583
  -2.4684359253    5.4591800296   -0.7920907077
  -3.4403574087    4.9752206357   -0.7920907077
  -4.1718209033    4.1728434046   -0.7920907077
  -4.5640382110    3.1604138276   -0.7920907077
  -1.9314925361    5.2013836563   -1.7711461747
  -2.9589577280    4.8675399783   -1.7711461747
  -0.0376775798    3.6600916345   -2.5692795041
  -0.8588487526    4.3716405063   -2.5692795041
  -0.6338591923    2.6175399783   -3.0902240371
  -1.8150349722    0.2177603958    2.9002351566
  -0.7889745422    0.2177603958    2.7193130189
  -2.3280651872    1.1063547940    2.7193130189
  -2.8410954022    0.2177603958    2.7193130189
  -2.3280651872   -0.6708340023   -2.9188427058
  -1.8150349722    0.2177603958   -3.0997648434
  -3.5409844076    1.2712861923    2.4221605813
  -4.0767412129    0.3433281850    2.4221605813
  -4.7198704223    1.3332776786    1.8151968776
  -4.9851265896    0.3433281850    1.8151968776
  -4.7198704223   -0.6466213087    1.8151968776
  -5.0980434815    1.8638479245    0.9068115009
  -5.5355611370    0.8811671810    0.9068115009
  -5.5355611370   -0.1945108110    0.9068115009
  -5.0980434815   -1.1771915545    0.9068115009
  -4.6926045842    2.5777764213   -0.1647021097
  -5.3858355824    1.8173382410   -0.1647021097
  -5.7575522814    0.8578268348   -0.1647021097
  -5.7575522814   -0.1711704649   -0.1647021097
  -5.3858355824   -1.1306818711   -0.1647021097
  -5.0980434815    1.8638479245   -1.2362157204
  -5.5355611370    0.8811671810   -1.2362157204
  -5.5355611370   -0.1945108110   -1.2362157204
  -5.0980434815   -1.1771915545   -1.2362157204
  -4.7198704223    1.3332776786   -2.1446010971
  -4.9851265896    0.3433281850   -2.1446010971
  -4.7198704223   -0.6466213087   -2.1446010971
  -3.5409844076    1.2712861923   -2.7515648008
  -4.0767412129    0.3433281850   -2.7515648008
  -3.5409844076   -0.5846298223   -2.7515648008
  -3.0052276023    0.3433281850   -2.9647021097
  -1.2353204328   -1.0200976579    3.0198951258
  -0.7222902178   -0.1315032598    2.8389729882
  -0.7222902178   -1.9086920561   -2.7991827365
  -1.2353204328   -1.0200976579   -2.9801048742
  -1.0789272031   -2.1898507902    2.8849229092
  -1.5919574181   -3.0784451884    2.8849229092
  -2.3794222773   -4.0985856661    2.3639783762
  -3.4040257388   -4.4398507902    1.5658450468
  -4.6168889141   -3.7451542165    0.5867895798
  -3.8854254195   -4.5475314476    0.5867895798
  -2.9135039361   -5.0314908415    0.5867895798
  -5.0091062218   -1.6469769409   -0.4550994862
  -5.0091062218   -2.7327246395   -0.4550994862
  -4.6168889141   -3.7451542165   -0.4550994862
  -3.8854254195   -4.5475314476   -0.4550994862
  -2.9135039361   -5.0314908415   -0.4550994862
  -2.3765605469   -4.7736944682   -1.4341549532
  -1.3039167634   -3.9439513182   -2.2322882825
  -1.0789272031   -2.1898507902   -2.7532328155
   3.4495705396    0.9636825335    3.3680211313
   4.4908915135    0.9636825335    3.1303464142
   3.9702310265    1.8654929504    3.1303464142
   2.9289100527    1.8654929504    3.1303464142
   2.4082495657    0.9636825335    3.1303464142
   2.9289100527    0.0618721166    3.1303464142
   3.9702310265    0.0618721166    3.1303464142
   5.3259660975    0.9636825335    2.4643966557
   5.0280949317    1.9781385618    2.4643966557
   4.2290534247    2.6705119689    2.4643966557
   3.1825316092    2.8209790902    2.4643966557
   2.2207927674    2.3817676777    2.4643966557
   5.5576818132    1.9788954165    1.5020713728
   4.9084288055    2.7930329372    1.5020713728
   3.9702310265    3.2448451750    1.5020713728
   3.9702310265    3.2448451750    0.4339708898
   5.3200006957   -0.4090487398    2.3881070569
   4.7993402088   -1.3108591567    2.3881070569
   6.1550752798   -0.4090487398    1.7221572984
   5.0581626069   -2.1158781752    1.7221572984
   5.8572041139   -1.4235047681    1.7221572984
   6.6185067111   -0.4090487398    0.7598320155
   6.3867909954    0.6061641432    0.7598320155
   5.7375379877   -2.2383991435    0.7598320155
   6.3867909954   -1.4242616228    0.7598320155
   6.6185067111   -0.4090487398   -0.3082684675
   5.7375379877   -2.2383991435   -0.3082684675
   6.3867909954   -1.4242616228   -0.3082684675
   6.1550752798   -0.4090487398   -1.2705937505
   5.0581626069   -2.1158781752   -1.2705937505
   5.8572041139   -1.4235047681   -1.2705937505
   5.6370764055    1.8491718772   -1.3160235062
   4.9878233979    2.6633093980   -1.3160235062
   4.0496256189    3.1151216357   -1.3160235062
   5.4053606899    0.8339589942   -2.2783487892
   5.1074895240    1.8484150225   -2.2783487892
   4.3084480170    2.5407884297   -2.2783487892
   3.2619262016    2.6912555509   -2.2783487892
   4.5702861058    0.8339589942   -2.9442985477
   4.0496256189    1.7357694111   -2.9442985477
   3.0083046450    1.7357694111   -2.9442985477
   2.4876441581    0.8339589942   -2.9442985477
   3.0083046450   -0.0678514226   -2.9442985477
   4.0496256189   -0.0678514226   -2.9442985477
   3.5289651319    0.8339589942   -3.1819732647
   3.9829554929   -2.4667287368    2.4812923323
   3.4622950059   -3.3685391537    2.4812923323
   4.8180300769   -2.4667287368    1.8153425738
   2.6745955886   -4.3240252935    1.8153425738
   3.7211174041   -4.1735581723    1.8153425738
   4.5201589111   -3.4811847651    1.8153425738
   2.4209740320   -4.7478913783    0.8530172909
   3.4622950059   -4.7478913783    0.8530172909
   4.4004927849   -4.2960791406    0.8530172909
   5.0497457925   -3.4819416198    0.8530172909
   3.4622950059   -4.7478913783   -0.2150831921
   4.4004927849   -4.2960791406   -0.2150831921
   5.0497457925   -3.4819416198   -0.2150831921
   4.8180300769   -2.4667287368   -1.1774084751
   3.7211174041   -4.1735581723   -1.1774084751
   4.5201589111   -3.4811847651   -1.1774084751
  -0.1288644984    5.0932832275    1.2020540586
  -1.1753863138    5.2437503487    1.2020540586
   0.5505108824    5.2158041958    0.2397287756
  -0.3876868965    5.6676164335    0.2397287756
  -1.4290078704    5.6676164335    0.2397287756
   0.5505108824    5.2158041958   -0.8283717074
  -0.3876868965    5.6676164335   -0.8283717074
  -1.4290078704    5.6676164335   -0.8283717074
  -0.1288644984    5.0932832275   -1.7906969904
  -1.1753863138    5.2437503487   -1.7906969904
  -0.3876868965    4.2882642089   -2.4566467489
  -3.7027442809    4.4656127626   -1.7141644546
  -4.3519972885    3.6514752419   -1.7141644546
  -4.5837130042    2.6362623589   -1.7141644546
  -2.5109249453    4.4935589156   -2.6764897376
  -3.4726637872    4.0543475032   -2.6764897376
  -4.0442743685    3.1649040771   -2.6764897376
  -4.0442743685    2.1076206408   -2.6764897376
  -1.2025650411    2.6362623589   -3.3424394961
  -1.7232255280    3.5380727758   -3.3424394961
  -2.7645465019    3.5380727758   -3.3424394961
  -3.2852069888    2.6362623589   -3.3424394961
  -2.7645465019    1.7344519421   -3.3424394961
  -1.7232255280    1.7344519421   -3.3424394961
  -2.2438860150    2.6362623589   -3.5801142131
  -2.3236860609    2.7671260556    2.9683050426
  -1.2823650870    2.7671260556    2.7306303255
  -1.8030255739    3.6689364725    2.7306303255
  -2.8443465478    3.6689364725    2.7306303255
  -3.3650070348    2.7671260556    2.7306303255
  -2.8443465478    1.8653156387    2.7306303255
  -1.8030255739    1.8653156387    2.7306303255
  -2.5907249912    4.6244226123    2.0646805670
  -3.5524638331    4.1852111998    2.0646805670
  -4.1240744144    3.2957677738    2.0646805670
  -4.1240744144    2.2384843374    2.0646805670
  -2.8443465478    5.0482886971    1.1023552841
  -3.7825443268    4.5964764593    1.1023552841
  -4.4317973345    3.7823389386    1.1023552841
  -4.6635130501    2.7671260556    1.1023552841
  -4.4317973345    3.7823389386    0.0342548011
  -4.6635130501    2.7671260556    0.0342548011
  -0.9604967640   -3.9639984680    2.3345021449
  -1.7481961813   -4.9194846078    1.6685523864
  -0.7016743658   -4.7690174866    1.6685523864
  -2.0018177379   -5.3433506926    0.7062271035
  -0.9604967640   -5.3433506926    0.7062271035
  -2.0018177379   -5.3433506926   -0.3618733795
  -0.9604967640   -5.3433506926   -0.3618733795
  -1.7481961813   -4.9194846078   -1.3241986625
  -0.7016743658   -4.7690174866   -1.3241986625
  -5.0243257996   -2.2577713200   -1.3783564719
  -4.7926100839   -3.2729842030   -1.3783564719
  -4.1433570762   -4.0871217238   -1.3783564719
  -4.4848871639   -1.7291296019   -2.3406817549
  -4.4848871639   -2.7864130382   -2.3406817549
  -3.9132765826   -3.6758564643   -2.3406817549
  -2.9515377407   -4.1150678767   -2.3406817549
  -1.6431778365   -2.2577713200   -3.0066315134
  -2.1638383234   -1.3559609032   -3.0066315134
  -3.2051592973   -1.3559609032   -3.0066315134
  -3.7258197842   -2.2577713200   -3.0066315134
  -3.2051592973   -3.1595817369   -3.0066315134
  -2.1638383234   -3.1595817369   -3.0066315134
  -2.6844988103   -2.2577713200   -3.2443062305
  -2.7830125807   -2.1142433624    3.3042431634
  -1.7416916068   -2.1142433624    3.0665684464
  -2.2623520938   -1.2124329455    3.0665684464
  -3.3036730677   -1.2124329455    3.0665684464
  -3.8243335546   -2.1142433624    3.0665684464
  -3.3036730677   -3.0160537793    3.0665684464
  -2.2623520938   -3.0160537793    3.0665684464
  -4.0117903530   -0.6961582182    2.4006186879
  -4.5834009343   -1.5856016442    2.4006186879
  -4.5834009343   -2.6428850806    2.4006186879
  -4.0117903530   -3.5323285066    2.4006186879
  -3.0500515111   -3.9715399191    2.4006186879
  -4.8911238543   -1.0990304794    1.4382934049
  -5.1228395700   -2.1142433624    1.4382934049
  -4.8911238543   -3.1294562454    1.4382934049
  -4.2418708466   -3.9435937661    1.4382934049
  -5.1228395700   -2.1142433624    0.3701929219
