   0.0306367751
   0.0278754636
   0.0202891659
   0.0274811473
   0.0111192323
   0.0079463996
   0.0092230818
   0.0111500881
   0.0284199593
   0.0191772750
   0.0251082592
   0.0154319194
   0.0098116352
  -0.0126401593
  -0.0102003685
  -0.0258559421
  -0.0156839827
  -0.0343599182
  -0.0156279929
  -0.0342827283
  -0.0310995909
   0.0005223802
  -0.0332973308
  -0.0174630500
  -0.0222828505
  -0.0161030686
  -0.0093072616
   0.0020432168
   0.0104059893
  -0.0030014840
   0.0057093637
   0.0185006283
   0.0018861019
   0.0040544767
   0.0014127150
   0.0071489490
   0.0093343311
   0.0154940222
   0.0058573234
   0.0022685134
   0.0074958471
   0.0033015261
  -0.0014553658
  -0.0027877420
  -0.0034386139
   0.0146810812
   0.0053735793
  -0.0206824167
  -0.0245657151
  -0.0379304218
  -0.0316617403
  -0.0415750186
  -0.0457664102
  -0.0386731245
  -0.0250051016
  -0.0424850170
  -0.0475912592
  -0.0454022610
  -0.0260548614
  -0.0430376568
  -0.0464778554
  -0.0370380760
  -0.0297919716
  -0.0402436210
  -0.0331435471
  -0.0250196225
   0.0035552593
   0.0004217419
   0.0034703413
   0.0191085463
  -0.0004575667
   0.0132968597
   0.0012656074
  -0.0015914931
  -0.0024813456
   0.0032697357
   0.0055479392
   0.0029386166
   0.0042608853
  -0.0026677639
  -0.0014902227
   0.0093220410
   0.0194876476
  -0.0024072899
   0.0165418247
  -0.0059316416
  -0.0014214886
   0.0060386565
  -0.0228032288
  -0.0359808892
  -0.0435336698
  -0.0293745686
  -0.0505338206
  -0.0525801338
  -0.0467103961
  -0.0467010807
  -0.0545358374
  -0.0552323382
  -0.0521799912
  -0.0518237534
  -0.0535931773
  -0.0486587006
  -0.0386286754
  -0.0463108599
  -0.0354154686
  -0.0286491851
   0.0026114164
   0.0139070927
   0.0028787549
   0.0032296240
   0.0039896099
   0.0034942047
   0.0034128494
   0.0019506407
   0.0099593126
   0.0121590725
   0.0093326715
   0.0048207778
   0.0199798622
   0.0230950362
   0.0170368383
   0.0118948152
   0.0181881687
   0.0246081943
   0.0267387414
   0.0198680463
   0.0082703385
  -0.0102395194
  -0.0002256238
   0.0209914796
   0.0008136714
   0.0304287869
   0.0371666608
   0.0317204438
   0.0302810613
   0.0499271085
   0.0369167252
   0.0313205197
   0.0305993493
   0.0479002896
   0.0361856047
   0.0295244395
   0.0350545312
   0.0026124656
   0.0255594847
   0.0191751094
   0.0055663210
  -0.0204177311
   0.0221754669
   0.0147397997
   0.0078565819
   0.0169239629
   0.0228883996
   0.0184897522
   0.0373018740
   0.0277557298
   0.0448949851
   0.0066752247
   0.0270792811
   0.0371578732
   0.0449202692
   0.0264256027
   0.0367275574
   0.0370330708
   0.0264291337
  -0.0059631418
  -0.0229814718
  -0.0014843637
   0.0040505151
  -0.0201760183
  -0.0006474445
   0.0046581049
  -0.0213615282
  -0.0037371698
  -0.0081189947
  -0.0418311471
   0.0032631911
   0.0031546968
  -0.0034733747
  -0.0203601260
   0.0007228849
   0.0023572033
   0.0024810070
  -0.0042761425
   0.0012244314
   0.0026576148
   0.0023164326
   0.0007888169
   0.0020535157
   0.0024143215
  -0.0053162890
   0.0016960997
   0.0024997858
   0.0032676036
  -0.0028554000
  -0.0209831199
   0.0039045976
  -0.0068983027
  -0.0371398111
   0.0009033322
   0.0099306475
   0.0038780721
  -0.0225196469
   0.0099393953
   0.0038726679
  -0.0210323194
  -0.0100783983
   0.0013842653
  -0.0205856698
   0.0021250723
  -0.0125698047
   0.0031196699
   0.0084934431
   0.0079159900
   0.0055472601
   0.0021818870
  -0.0025125351
   0.0066809016
   0.0069533578
   0.0057920659
   0.0064483739
   0.0053257973
   0.0037372681
   0.0010621262
   0.0074233255
   0.0065709000
  -0.0266141044
  -0.0086097183
   0.0039637490
   0.0087652809
  -0.0220974880
   0.0007603563
   0.0250588124
   0.0231938494
   0.0227857400
   0.0245301184
   0.0226235980
   0.0106572214
   0.0068592630
   0.0088478700
   0.0088252041
   0.0217307427
   0.0139679541
   0.0341109097
   0.0192258937
   0.0113361375
   0.0076514528
  -0.0075617178
  -0.0075664872
  -0.0163090239
  -0.0094226717
  -0.0160833220
  -0.0219935048
  -0.0096738852
  -0.0244778837
  -0.0170609946
  -0.0240598548
  -0.0174257053
  -0.0134901354
  -0.0210784808
  -0.0110791338
  -0.0137764322
  -0.0095456294
  -0.0054558166
   0.0007782567
   0.0060093242
  -0.0038493338
   0.0000917681
   0.0025605714
   0.0024055911
   0.0049490905
   0.0090305075
   0.0041192632
   0.0027301768
   0.0035843563
   0.0020459921
  -0.0028116051
  -0.0026784483
  -0.0049032587
   0.0083809374
   0.0016406349
  -0.0141931535
  -0.0150374937
  -0.0265920490
  -0.0224601063
  -0.0290698853
  -0.0339051777
  -0.0285722921
  -0.0291705684
  -0.0360317190
  -0.0358242225
  -0.0300520667
  -0.0364423444
  -0.0358390756
  -0.0312386701
  -0.0348216558
  -0.0275984171
  -0.0202207361
  -0.0290112301
  -0.0239359059
  -0.0178725509
   0.0029428868
  -0.0013456525
   0.0005755066
   0.0107555634
   0.0078569373
   0.0010381426
  -0.0032342872
  -0.0032566959
   0.0022544692
   0.0026415692
   0.0016206440
   0.0012552427
  -0.0036720782
   0.0043619913
   0.0109385109
  -0.0033918597
   0.0093751699
  -0.0030920379
   0.0015989660
  -0.0165180929
  -0.0257381596
  -0.0316683003
  -0.0201779823
  -0.0377803169
  -0.0400690922
  -0.0333381789
  -0.0405342724
  -0.0438973469
  -0.0427397930
  -0.0355631890
  -0.0411095996
  -0.0442929304
  -0.0432218984
  -0.0365295434
  -0.0391035769
  -0.0414648214
  -0.0360903484
  -0.0278668952
  -0.0344520308
  -0.0256686288
  -0.0211311853
   0.0023936714
   0.0079757078
   0.0015260310
   0.0032956037
   0.0007182998
   0.0014766778
   0.0062240062
   0.0076132493
   0.0075059923
   0.0081215857
   0.0024471096
   0.0161711883
   0.0191322031
   0.0146687845
   0.0096976578
   0.0119729946
   0.0172055969
   0.0207596285
   0.0219469856
   0.0168700432
   0.0091601619
  -0.0021095921
  -0.0056842515
   0.0189505461
   0.0093492702
  -0.0071702549
   0.0262867468
   0.0303228621
   0.0270151883
   0.0256216512
   0.0387722352
   0.0308275659
   0.0272000028
   0.0257934427
   0.0370251391
   0.0305066707
   0.0265201310
   0.0367393429
   0.0299052226
   0.0256280991
   0.0287009669
   0.0189275737
   0.0091921396
  -0.0095643932
   0.0208005745
   0.0158845186
   0.0067854126
  -0.0088502155
   0.0179142122
   0.0127246468
   0.0060920992
   0.0097421473
   0.0156345850
   0.0191073179
   0.0144912925
   0.0302351582
   0.0237849309
   0.0370734736
   0.0099091167
   0.0232600870
   0.0307786256
   0.0402305798
   0.0171174568
   0.0268200663
   0.0331411408
   0.0371633956
   0.0082951384
   0.0224591542
   0.0302928208
   0.0300354963
   0.0227596656
  -0.0096863624
  -0.0263225178
  -0.0066101920
  -0.0001171179
  -0.0103259166
  -0.0010966668
   0.0025359796
  -0.0218310476
  -0.0051957370
   0.0006745281
  -0.0171332262
  -0.0072342059
   0.0012412781
  -0.0048847273
  -0.0183162179
   0.0001331241
   0.0013688043
  -0.0013538924
  -0.0092106763
  -0.0212584389
  -0.0005840568
   0.0000889986
   0.0009047723
  -0.0025105515
  -0.0044869933
   0.0000061701
   0.0002922843
   0.0000883172
  -0.0005909388
  -0.0002021309
   0.0007786784
  -0.0028867522
  -0.0050741378
   0.0004385469
  -0.0003892099
   0.0012802362
  -0.0011271964
  -0.0093005196
  -0.0238167943
   0.0010085528
  -0.0042436654
  -0.0169367864
   0.0040162337
  -0.0032205682
   0.0054893834
  -0.0015367863
   0.0076107955
   0.0037277532
  -0.0075050561
   0.0055360119
  -0.0011875144
  -0.0020003774
  -0.0081079386
   0.0021999128
   0.0068124204
  -0.0185881140
  -0.0039106658
   0.0035868790
   0.0058992875
   0.0046187505
   0.0035135644
   0.0015703003
  -0.0043082273
   0.0004317283
   0.0046906518
   0.0043047818
   0.0030588339
   0.0038389058
   0.0033048617
   0.0025804308
  -0.0009385997
   0.0022708829
   0.0051017731
   0.0040554485
  -0.0122082417
  -0.0017778466
   0.0042136206
   0.0061972895
  -0.0274725934
  -0.0074451776
   0.0021362685
   0.0071403318
   0.0211099486
   0.0219134673
   0.0196246816
   0.0199533225
   0.0148880456
   0.0056061925
   0.0190166335
   0.0252703026
   0.0232471992
   0.0190136314
   0.0098691407
   0.0064234196
   0.0081916114
   0.0076230369
   0.0174486391
   0.0111025171
   0.0285861230
   0.0262688212
   0.0118250188
   0.0219364271
   0.0155260907
   0.0091491115
   0.0066084973
  -0.0042059041
  -0.0051840253
  -0.0102891222
  -0.0052397670
  -0.0110919066
  -0.0141588364
  -0.0056077479
  -0.0163565057
  -0.0107847453
  -0.0159855902
  -0.0050498734
  -0.0158595820
  -0.0112523256
  -0.0090600139
  -0.0134260691
  -0.0066291324
  -0.0085056194
  -0.0052952834
  -0.0028862708
   0.0006036093
   0.0039462810
  -0.0001395733
   0.0020395774
   0.0030040152
   0.0042404238
   0.0058311881
   0.0039109724
   0.0028907921
   0.0018881464
   0.0018693032
  -0.0079952248
  -0.0029285181
  -0.0020710666
  -0.0048042472
   0.0051219120
   0.0000588286
  -0.0098572107
  -0.0085174828
  -0.0198048806
  -0.0168945153
  -0.0200757540
  -0.0261788358
  -0.0239926569
  -0.0197758506
  -0.0275977038
  -0.0287352756
  -0.0207970662
  -0.0280699269
  -0.0288525996
  -0.0225583860
  -0.0272250746
  -0.0237491966
  -0.0136877540
  -0.0220778170
  -0.0180729227
  -0.0130362952
   0.0019952939
  -0.0018291203
   0.0065974561
   0.0047784242
   0.0004130945
  -0.0034201734
  -0.0034208925
  -0.0056650466
   0.0002312306
   0.0008001534
  -0.0010438367
  -0.0074631299
  -0.0237563780
   0.0005935728
   0.0001337259
  -0.0036944842
   0.0018443709
   0.0065709088
  -0.0035581738
  -0.0094691499
  -0.0035378023
  -0.0004945154
  -0.0123755158
  -0.0196327570
  -0.0247503844
  -0.0266430084
  -0.0322231815
  -0.0304924040
  -0.0290852380
  -0.0349970431
  -0.0357175905
  -0.0323539933
  -0.0297845256
  -0.0353814049
  -0.0361174490
  -0.0329944371
  -0.0277087000
  -0.0333823938
  -0.0321843050
  -0.0211644928
  -0.0272137813
  -0.0193294228
  -0.0160651163
   0.0018592141
   0.0049674118
   0.0009909270
   0.0023462442
  -0.0001282728
   0.0007008858
   0.0039107991
   0.0054500022
   0.0057239613
  -0.0106318514
   0.0002080695
   0.0046598137
   0.0060727158
   0.0052866339
   0.0000340073
   0.0015135387
   0.0135286785
   0.0166262973
   0.0118280735
   0.0068845102
   0.0093596960
   0.0148167425
   0.0186202795
   0.0196075767
   0.0147263026
   0.0080580416
  -0.0017690524
   0.0085415537
  -0.0049926873
   0.0233136194
   0.0269370469
   0.0237225135
   0.0329055177
   0.0267791148
   0.0238067562
   0.0225088793
   0.0317127607
   0.0265174011
   0.0233194313
   0.0313022858
   0.0260236723
   0.0228023038
   0.0254901231
   0.0085167655
  -0.0064908083
   0.0183748430
   0.0137505339
   0.0061282118
  -0.0069855170
   0.0152670797
   0.0098525876
   0.0032629169
   0.0071226660
   0.0131470435
   0.0167688694
   0.0117574374
   0.0262137666
   0.0198848075
   0.0326066148
   0.0106670183
   0.0206464568
   0.0268286717
   0.0356559502
   0.0157764981
   0.0234271854
   0.0289186619
   0.0327713980
   0.0094876741
   0.0200272497
   0.0264866026
   0.0260932770
   0.0190084775
  -0.0099168597
  -0.0095762998
  -0.0023772151
  -0.0135496490
  -0.0038104559
   0.0001805806
  -0.0080733939
  -0.0016404020
  -0.0077102864
  -0.0031052943
  -0.0116864460
   0.0001063115
  -0.0012702341
  -0.0062838383
  -0.0157412090
  -0.0016391646
  -0.0011035938
  -0.0005932999
  -0.0040118523
  -0.0057217891
  -0.0009455155
  -0.0010691738
  -0.0011684175
  -0.0015889539
  -0.0013621307
  -0.0007028026
  -0.0043372089
  -0.0061818435
  -0.0002715743
  -0.0001144484
  -0.0011819413
  -0.0061475541
  -0.0165481905
   0.0004302599
  -0.0028706024
  -0.0107340518
  -0.0040042126
   0.0027323853
  -0.0049936323
   0.0049270140
   0.0005851385
  -0.0112591001
   0.0028668517
  -0.0044194485
  -0.0027211583
  -0.0177823349
  -0.0037486522
   0.0028376773
  -0.0112692032
  -0.0014726025
   0.0031584787
   0.0043243177
   0.0022109331
   0.0003106869
  -0.0059390742
  -0.0014050170
   0.0028979296
   0.0028418764
   0.0014031117
   0.0022433666
   0.0019830660
   0.0013174593
  -0.0025751489
   0.0004200875
   0.0033968606
   0.0026957655
  -0.0176253164
  -0.0077778379
  -0.0002697505
   0.0036073274
   0.0047252770
  -0.0161200241
  -0.0036390182
   0.0028124912
   0.0179685537
   0.0188392036
   0.0241304202
   0.0170946439
   0.0174497673
   0.0132480643
   0.0171285897
   0.0127720266
   0.0051996920
  -0.0108629204
   0.0193521495
   0.0163597315
   0.0205322107
   0.0196012612
   0.0160703860
   0.0089335149
   0.0059604311
   0.0106418193
   0.0073821642
   0.0068185474
   0.0144149983
   0.0053496671
   0.0092818462
   0.0227922640
   0.0114323055
   0.0096542563
   0.0209981079
   0.0093082827
   0.0172371208
   0.0129007645
   0.0077753737
   0.0059375886
  -0.0020439527
  -0.0033940269
  -0.0064443355
  -0.0025384179
  -0.0076020362
  -0.0091211150
  -0.0028823046
  -0.0108152427
  -0.0046664572
  -0.0110212626
  -0.0096670519
   0.0005602925
  -0.0108289104
  -0.0097519079
  -0.0000142425
  -0.0105637563
  -0.0053662383
  -0.0060249924
  -0.0085628387
  -0.0036431393
  -0.0052045164
  -0.0026157632
  -0.0012391145
   0.0006992975
   0.0027558234
  -0.0000284845
   0.0017531213
   0.0031821462
   0.0038698610
   0.0039098870
   0.0038442383
   0.0027403327
   0.0011118608
   0.0019136528
  -0.0053855182
  -0.0026956671
  -0.0014974480
  -0.0043393860
   0.0031665959
  -0.0006220846
  -0.0069395322
  -0.0050505389
  -0.0141324983
  -0.0125287029
  -0.0128357873
  -0.0191536869
  -0.0192416962
  -0.0143777130
  -0.0120009084
  -0.0203636868
  -0.0226411036
  -0.0198626877
  -0.0120897606
  -0.0203875579
  -0.0234829637
  -0.0223627890
  -0.0140033646
  -0.0212938285
  -0.0230147215
  -0.0193393956
  -0.0158336060
  -0.0205609151
  -0.0196660863
  -0.0096434502
  -0.0163694704
  -0.0137619872
  -0.0097296293
   0.0010863292
  -0.0019425633
   0.0042275493
   0.0028221327
  -0.0002599895
  -0.0032487026
  -0.0034288259
  -0.0056797546
  -0.0014632662
  -0.0004420430
  -0.0010497022
  -0.0003264282
  -0.0011606474
  -0.0047632390
  -0.0136131168
  -0.0010033190
  -0.0005387112
  -0.0104361268
  -0.0045518242
  -0.0035218423
   0.0004690674
   0.0040646770
  -0.0034870493
  -0.0072389392
  -0.0035892035
  -0.0015273034
  -0.0149779694
  -0.0187293077
  -0.0240325824
  -0.0250525985
  -0.0206399810
  -0.0265188829
  -0.0289032101
  -0.0277099862
  -0.0221391330
  -0.0233720177
  -0.0286463419
  -0.0302835977
  -0.0293356958
  -0.0253373760
  -0.0271363913
  -0.0295105819
  -0.0285328511
  -0.0236265841
  -0.0251299819
  -0.0265086989
  -0.0231293607
  -0.0163280916
  -0.0210155270
  -0.0149583397
  -0.0126117878
   0.0012851765
   0.0032032996
   0.0007257403
   0.0014416381
  -0.0003575172
   0.0002865222
   0.0025259109
   0.0040040647
   0.0014773962
   0.0038678282
   0.0044951424
  -0.0199865046
  -0.0054642132
   0.0011137652
   0.0037541399
   0.0043297377
   0.0031858477
  -0.0002602699
   0.0009867711
   0.0115578362
   0.0142812233
   0.0100590713
   0.0061832304
   0.0081295913
   0.0127885811
   0.0160021785
   0.0167799526
   0.0125822040
   0.0070681513
  -0.0001584239
  -0.0050747833
   0.0145567513
   0.0084606708
  -0.0004709510
  -0.0049221497
   0.0208413243
   0.0234968590
   0.0210244641
   0.0281749471
   0.0235382550
   0.0211583234
   0.0199295795
   0.0274476768
   0.0234026853
   0.0209976758
   0.0269508117
   0.0231337098
   0.0206134792
   0.0265625341
   0.0227417217
   0.0140287412
   0.0077829925
  -0.0025012629
   0.0154888932
   0.0114181628
   0.0050374122
  -0.0047158905
   0.0128158227
   0.0081071565
   0.0030532196
   0.0059797357
   0.0110998362
   0.0141812257
   0.0097631143
   0.0220532388
   0.0166710414
   0.0274928869
   0.0087049042
   0.0171878334
   0.0226614378
   0.0047383785
   0.0147977795
   0.0207893268
   0.0254717033
   0.0144975124
   0.0206031926
   0.0253871268
   0.0276495882
   0.0165375950
   0.0223279305
  -0.0096474047
  -0.0034193140
  -0.0158251129
  -0.0061164274
  -0.0018040454
  -0.0147963278
  -0.0056733237
  -0.0015514517
  -0.0080619931
  -0.0026539866
  -0.0072930400
  -0.0021271529
  -0.0067075019
  -0.0155840023
  -0.0009424784
  -0.0020591561
  -0.0059320964
  -0.0124643998
  -0.0020055444
  -0.0017272570
  -0.0015855641
  -0.0042372680
  -0.0052288950
  -0.0016656592
  -0.0018949637
  -0.0019139002
  -0.0019040664
  -0.0019115514
  -0.0016840318
  -0.0044838555
  -0.0054424102
  -0.0010278827
  -0.0011153321
  -0.0020415764
  -0.0059531118
  -0.0132297670
  -0.0005672752
  -0.0020773712
  -0.0063275014
  -0.0151356633
  -0.0077528418
  -0.0198025986
  -0.0035868028
   0.0014326894
  -0.0047964005
   0.0027653891
  -0.0017732175
   0.0028189689
  -0.0016401291
   0.0017141799
  -0.0040866165
  -0.0087660406
  -0.0012308253
   0.0025666454
  -0.0095588196
  -0.0020996086
   0.0017810695
   0.0029113137
   0.0013603762
  -0.0004999490
  -0.0051838922
  -0.0020380661
   0.0015282801
   0.0018338715
   0.0003383059
   0.0011977806
   0.0012599190
   0.0005310550
  -0.0024298968
  -0.0003632741
   0.0021051890
   0.0018150319
  -0.0123935046
  -0.0063762421
  -0.0008166607
   0.0023168995
   0.0032215602
  -0.0189288293
  -0.0073481933
  -0.0007919928
   0.0028448185
  -0.0112992365
